// ------------------------------------------------------  
// GLCD Picture name: embedded_test.bmp            
// GLCD Model: KS0108 128x64            
// ------------------------------------------------------  

const code char embedded_test[][128] = {
  0,   0,   0,   0,   0,   0,   0,   0,   0,   0,   0,   0,   0,   0,   0,   0, 224, 224,  32,  32,  32,  32,  32,   0,   0, 224, 224, 224,   0,   0, 128, 224, 224,   0,   0,   0, 224,  96,  32,  32,  96, 192, 192,   0,   0,   0, 224, 224,  32,  32,  32,  32,  32,   0,   0, 224, 224,  32,  32,  96,  96, 192, 128,   0,   0, 224, 224,  32,  32,  96,  96, 192, 128,   0,   0,   0, 224, 224,  32,  32,  32,  32,  32,   0,   0, 224, 224,  32,  32,  96,  96, 192, 128,   0,   0,   0,   0,   0,   0,   0,   0,   0,   0,   0,   0,   0,   0,   0,   0,   0,   0,   0,   0,   0,   0,   0,   0,   0,   0,   0,   0,   0,   0,   0,   0,   0,   0,   0, 
  0,   0,   0,   0,   0,   0,   0,   0,   0,   0,   0,   0,   0,   0,   0,   0, 255, 255, 132, 132, 132, 132, 128,   0,   0, 255,   0,   3,  30,  28,   3,   0, 255, 192,   0,   0, 255, 140,   4, 132, 140, 223, 249,   0,   0,   0, 255, 255, 132, 132, 132, 132, 128,   0,   0, 255, 255, 128, 128, 128, 192, 225, 127,  14,   0, 255, 255, 128, 128, 128, 192, 225, 127,  14,   0,   0, 255, 255, 132, 132, 132, 132, 128,   0,   0, 255, 255, 128, 128, 128, 192, 225, 127,  14,   0,   0,   0,   0,   0,   0,   0,   0,   0,   0,   0,   0,   0,   0,   0,   0,   0,   0,   0,   0,   0,   0,   0,   0,   0,   0,   0,   0,   0,   0,   0,   0,   0,   0, 
  0,   0,   0,   0,   0,   0,   0,   0,   0,   0,   0,   0,   0,   0,   0,   0,   1,   1,   1,   1,   1,   1,   1,   0,   0,   1,   0,   0,   0,   0,   0,   0,   1,   1,   0,   0,   1,   1,   1,   1,   1,   0,   0,   0,   0,   0,   1,   1,   1,   1,   1,   1,   1,   0,   0,   1,   1,   1,   1,   1,   0,   0,   0,   0,   0,   1,   1,   1,   1,   1,   0,   0,   0,   0,   0,   0,   1,   1,   1,   1,   1,   1,   1,   0,   0,   1,   1,   1,   1,   1,   0,   0,   0,   0,   0,   0,   0,   0,   0,   0,   0,   0,   0,   0,   0,   0,   0,   0,   0,   0,   0,   0,   0,   0,   0,   0,   0,   0,   0,   0,   0,   0,   0,   0,   0,   0,   0,   0, 
  0,   0,   0,   0,   0,   0,   0,   0,   0,   0,   0,   0,   0,   0,   0,   0,   0,   0,   0,   0,   0,   0,   0,   0,   0,  96, 240, 152, 152,   8,   8,  24,   0,   0,   0,  24, 120, 224, 128,   0, 192, 240,  56,   8,   0,  96, 240, 152, 152,   8,   8,  24,   0,   0,   0,   8,   8,   8, 248, 248,  24,   8,   8,   0,   0,   0, 248, 248,   8,   8,   8,   8,   8,   0,   0, 248,  56, 248, 128,   0, 224,  56, 248,   0,   0,   0,   0,   0,   0,   0,   0,   0,   0,   0,   0,   0,   0,   0,   0,   0,   0,   0,   0,   0,   0,   0,   0,   0,   0,   0,   0,   0,   0,   0,   0,   0,   0,   0,   0,   0,   0,   0,   0,   0,   0,   0,   0,   0, 
  0,   0,   0,   0,   0,   0,   0,   0,   0,   0,   0,   0,   0,   0,   0,   0,   0,   0,   0,   0,   0,   0,   0,   0,   0,  96,  97,  97,  67,  99, 103,  62,  62,   0,   0,   0,   0,   1, 127, 127,   3,   0,   0,   0,   0,  96,  97,  97,  67,  99, 103,  62,  62,   0,   0,   0,   0,   0, 127, 127,   0,   0,   0,   0,   0,   0, 127, 127,  97,  97,  97,  97,  96,   0,   0, 127,   0,   0,   7,   7,   0,   0, 127, 112,   0,   0,   0,   0,   0,   0,   0,   0,   0,   0,   0,   0,   0,   0,   0,   0,   0,   0,   0,   0,   0,   0,   0,   0,   0,   0,   0,   0,   0,   0,   0,   0,   0,   0,   0,   0,   0,   0,   0,   0,   0,   0,   0,   0, 
  0,   0,   0,   0,   0,   0,   0,   0,   0,   0,   0,   0,   0,   0,   0,   0,   0,   0,   0,   0,   0,   0,   0,   0,   0,   0,   0,   0,   0,   0,   0,   0,   0,   0,   0,   0,   0,   0,   0,   0,   0,   0,   0,   0,   0,   0,   0,   0,   0,   0,   0,   0,   0,   0,   0,   0,   0,   0,   0,   0,   0,   0,   0,   0,   0,   0,   0,   0,   0,   0,   0,   0,   0,   0,   0,   0,   0,   0,   0,   0,   0,   0,   0,   0,   0,   0,   0,   0,   0,   0,   0,   0,   0,   0,   0,   0,   0,   0,   0,   0,   0,   0,   0,   0,   0,   0,   0,   0,   0,   0,   0,   0,   0,   0,   0,   0,   0,   0,   0,   0,   0,   0,   0,   0,   0,   0,   0,   0, 
  0,   0,   0,   0,   0,   0,   0,   0,   0,   0,   0,   0,   0,   0,   0,   0,   0,   0,   0,   0,   0,   0,   0,   0,   0,   0,   0,   0,   0,   0,   0,   0,   0,   0,   0,   0,   0,   0,   0,   0,   0,   0,   0,   0,   0,   0,   0,   0,   0,   0,   0,   0,   0,   0,   0,   0,   0,   0,   0,   0,   0,   0,   0,   0,   0,   0,   0,   0,   0,   0,   0,   0,   0,   0,   0,   0,   0,   0,   0,   0,   0,   0,   0,   0,   0,   0,   0,   0,   0,   0,   0,   0,   0,   0,   0,   0,   0,   0,   0,   0,   0,   0,   0,   0,   0,   0,   0,   0,   0,   0,   0,   0,   0,   0,   0,   0,   0,   0,   0,   0,   0,   0,   0,   0,   0,   0,   0,   0, 
  0,   0,   0,   0,   0,   0,   0,   0,   0,   0,   0,   0,   0,   0,   0,   0,   0,   0,   0,   0,   0,   0,   0,   0,   0,   0,   0,   0,   0,   0,   0,   0,   0,   0,   0,   0,   0,   0,   0,   0,   0,   0,   0,   0,   0,   0,   0,   0,   0,   0,   0,   0,   0,   0,   0,   0,   0,   0,   0,   0,   0,   0,   0,   0,   0,   0,   0,   0,   0,   0,   0,   0,   0,   0,   0,   0,   0,   0,   0,   0,   0,   0,   0,   0,   0,   0,   0,   0,   0,   0,   0,   0,   0,   0,   0,   0,   0,   0,   0,   0,   0,   0,   0,   0,   0,   0,   0,   0,   0,   0,   0,   0,   0,   0,   0,   0,   0,   0,   0,   0,   0,   0,   0,   0,   0,   0,   0,   0
};






// ------------------------------------------------------  
// GLCD Picture name: sq_n_circle.bmp            
// GLCD Model: KS0108 128x64            
// ------------------------------------------------------  

const code char sq_n_circle[][128] = {
  0,   0,   0,   0,   0,   0,   0,   0,   0,   0,   0,   0,   0,   0,   0,   0,   0,   0,   0,   0,   0,   0,   0,   0,   0,   0,   0,   0,   0,   0,   0,   0,   0,   0,   0,   0,   0,   0,   0,   0,   0,   0,   0,   0,   0,   0,   0,   0,   0,   0,   0,   0,   0,   0,   0,   0,   0,   0,   0,   0,   0,   0,   0,   0,   0,   0,   0,   0,   0,   0,   0,   0,   0,   0,   0,   0,   0,   0,   0,   0,   0,   0,   0,   0,   0,   0,   0,   0,   0,   0,   0,   0,   0,   0,   0,   0,   0,   0,   0,   0,   0,   0,   0,   0,   0,   0,   0,   0,   0,   0,   0,   0,   0,   0,   0,   0,   0,   0,   0,   0,   0,   0,   0,   0,   0,   0,   0,   0, 
  0,   0,   0,   0,   0,   0,   0,   0,   0, 128,  64,  32,  16,  16,   8,   8,   8,   8,   8,   8,   8,   8,   8,   8,   8,   8,   8,   8,   8,   8,   8,   8,   8,   8,   8,   8,   8,   8,   8,   8,   8,   8,   8,   8,   8,   8,   8,   8,   8,   8,   8,   8,   8,   8,   8,   8,   8,   8,   8,   8,   8,   8,   8,   8,   8,   8,   8,   8,   8,   8,   8,   8,   8,   8,   8,  16,  16,  32,  64, 128,   0,   0,   0,   0,   0,   0,   0,   0,   0,   0,   0,   0, 128,  64,  32,  16,   8,   4,   4,   2,   2,   1,   1,   1,   1,   1,   1,   1,   2,   2,   4,   4,   8,  16,  32,  64, 128,   0,   0,   0,   0,   0,   0,   0,   0,   0,   0,   0, 
  0,   0,   0,   0,   0,   0,   0,   0, 254,   1,   0,   0,   0,   0,   0,   0,   0,   0,   0,   0,   0,   0,   0,   0,   0,   0,   0,   0,   0,   0,   0,   0,   0,   0,   0,   0,   0,   0,   0,   0,   0,   0,   0,   0,   0,   0,   0,   0,   0,   0,   0,   0,   0,   0,   0,   0,   0,   0,   0,   0,   0,   0,   0,   0,   0,   0,   0,   0,   0,   0,   0,   0,   0,   0,   0,   0,   0,   0,   0,   1, 254,   0,   0,   0,   0,   0,   0,   0, 128,  96,  24,   6,   1,   0,   0,   0,   0,   0,   0,   0,   0,   0,   0,   0,   0,   0,   0,   0,   0,   0,   0,   0,   0,   0,   0,   0,   1,   6,  24,  96, 128,   0,   0,   0,   0,   0,   0,   0, 
  0,   0,   0,   0,   0,   0,   0,   0, 255,   0,   0,   0,   0,   0,   0,   0,   0,   0,   0,   0,   0,   0,   0,   0,   0,   0,   0,   0,   0,   0,   0,   0,   0,   0,   0,   0,   0,   0,   0,   0,   0,   0,   0,   0,   0,   0,   0,   0,   0,   0,   0,   0,   0,   0,   0,   0,   0,   0,   0,   0,   0,   0,   0,   0,   0,   0,   0,   0,   0,   0,   0,   0,   0,   0,   0,   0,   0,   0,   0,   0, 255,   0,   0,   0,   0,   0,   0, 192,  63,   0,   0,   0,   0,   0,   0,   0,   0,   0,   0,   0,   0,   0,   0,   0,   0,   0,   0,   0,   0,   0,   0,   0,   0,   0,   0,   0,   0,   0,   0,   0,  63, 192,   0,   0,   0,   0,   0,   0, 
  0,   0,   0,   0,   0,   0,   0,   0, 255,   0,   0,   0,   0,   0,   0,   0,   0,   0,   0,   0,   0,   0,   0,   0,   0,   0,   0,   0,   0,   0,   0,   0,   0,   0,   0,   0,   0,   0,   0,   0,   0,   0,   0,   0,   0,   0,   0,   0,   0,   0,   0,   0,   0,   0,   0,   0,   0,   0,   0,   0,   0,   0,   0,   0,   0,   0,   0,   0,   0,   0,   0,   0,   0,   0,   0,   0,   0,   0,   0,   0, 255,   0,   0,   0,   0,   0,   0,  31, 224,   0,   0,   0,   0,   0,   0,   0,   0,   0,   0,   0,   0,   0,   0,   0,   0,   0,   0,   0,   0,   0,   0,   0,   0,   0,   0,   0,   0,   0,   0,   0, 224,  31,   0,   0,   0,   0,   0,   0, 
  0,   0,   0,   0,   0,   0,   0,   0, 255,   0,   0,   0,   0,   0,   0,   0,   0,   0,   0,   0,   0,   0,   0,   0,   0,   0,   0,   0,   0,   0,   0,   0,   0,   0,   0,   0,   0,   0,   0,   0,   0,   0,   0,   0,   0,   0,   0,   0,   0,   0,   0,   0,   0,   0,   0,   0,   0,   0,   0,   0,   0,   0,   0,   0,   0,   0,   0,   0,   0,   0,   0,   0,   0,   0,   0,   0,   0,   0,   0,   0, 255,   0,   0,   0,   0,   0,   0,   0,  15,  48, 192,   0,   0,   0,   0,   0,   0,   0,   0,   0,   0,   0,   0,   0,   0,   0,   0,   0,   0,   0,   0,   0,   0,   0,   0,   0,   0,   0, 192,  48,  15,   0,   0,   0,   0,   0,   0,   0, 
  0,   0,   0,   0,   0,   0,   0,   0,   1,   6,   8,  16,  32,  32,  64,  64,  64,  64,  64,  64,  64,  64,  64,  64,  64,  64,  64,  64,  64,  64,  64,  64,  64,  64,  64,  64,  64,  64,  64,  64,  64,  64,  64,  64,  64,  64,  64,  64,  64,  64,  64,  64,  64,  64,  64,  64,  64,  64,  64,  64,  64,  64,  64,  64,  64,  64,  64,  64,  64,  64,  64,  64,  64,  64,  64,  32,  32,  16,   8,   6,   1,   0,   0,   0,   0,   0,   0,   0,   0,   0,   0,   3,  12,  16,  32,  64, 128,   0,   0,   0,   0,   0,   0,   0,   0,   0,   0,   0,   0,   0,   0,   0, 128,  64,  32,  16,  12,   3,   0,   0,   0,   0,   0,   0,   0,   0,   0,   0, 
  0,   0,   0,   0,   0,   0,   0,   0,   0,   0,   0,   0,   0,   0,   0,   0,   0,   0,   0,   0,   0,   0,   0,   0,   0,   0,   0,   0,   0,   0,   0,   0,   0,   0,   0,   0,   0,   0,   0,   0,   0,   0,   0,   0,   0,   0,   0,   0,   0,   0,   0,   0,   0,   0,   0,   0,   0,   0,   0,   0,   0,   0,   0,   0,   0,   0,   0,   0,   0,   0,   0,   0,   0,   0,   0,   0,   0,   0,   0,   0,   0,   0,   0,   0,   0,   0,   0,   0,   0,   0,   0,   0,   0,   0,   0,   0,   0,   1,   1,   2,   2,   4,   4,   4,   4,   4,   4,   4,   2,   2,   1,   1,   0,   0,   0,   0,   0,   0,   0,   0,   0,   0,   0,   0,   0,   0,   0,   0
};







// ------------------------------------------------------  
// GLCD Picture name: bank.bmp            
// GLCD Model: KS0108 128x64            
// ------------------------------------------------------  

const code char bank[][128] = {
  0,   0,   0,   0,   0,   0,   0,   0,   0,   0,   0,   0,   0,   0,   0,   0,   0,   0,   0,   0,   0,   0,   0,   0,   0,   0,   0,   0,   0,   0,   0,   0,   0,   0,   0,   0,   0,   0,   0,   0,   0,   0,   0,   0,   0,   0,   0,   0,   0,   0,   0,   0,   0,   0,   0,   0,   0,   0,   0, 128,   0,  64, 128,   0,  98,  68,   8,  16,   0, 128,  72, 132,   0,   0,  96,  32,   0, 192,  64,   0, 128,   0,   0,   0,   0,   0,   0,   0,   0,   0,   0,   0,   0,   0,   0,   0,   0,   0,   0,   0,   0,   0,   0,   0,   0,   0,   0,   0,   0,   0,   0,   0,   0,   0,   0,   0,   0,   0,   0,   0,   0,   0,   0,   0,   0,   0,   0,   0, 
  0,   0,   0,   0,   0,   0,   0,   0,   0,   0,   0,   0,   0,   0,   0,   0,   0,   0,   0,   0,   0,   0,   0,   0,   0,   0,   0,   0,   0,   0,   0,   0,   0,   0,   0,   0,   0,   0,   0,   0,   0,   0,   0,   0,   0,   0,   0,   0,   0,   0,   0,   0,   0,   0,   0, 128,  16, 132, 121,   4,   3,   1, 128,   0,   0,   0,   0,   0,   0,   0,  24,  23,  16,   0,   0,   0,  32,  32,  64, 128, 128,   1,  34, 156, 112, 128,   0,   0,   0,   0,   0,   0,   0,   0,   0,   0,   0,   0,   0,   0,   0,   0,   0,   0,   0,   0,   0,   0,   0,   0,   0,   0,   0,   0,   0,   0,   0,   0,   0,   0,   0,   0,   0,   0,   0,   0,   0,   0, 
  0,   0,   0,   0,   0,   0,   0,   0,   0,   0,   0,   0,   0,   0,   0,   0,   0,   0,   0,   0,   0,   0,   0,   0,   0, 128,   0,  64, 192,   0,  96,  64,  16,  64,  96,  32, 128,  64,   0, 128,   0,   0,   0,   0,   0,   0,  32,  16,   0,   0,   0,   4,   0,   0,   0,   3,   0,   3,   0,   4,   4,   6,   8,  16, 112, 192,   0,   0,   0,   0,   0,   0,   0,   0, 128,  32,   0,   0,   8,   1,   7,   6,   4,   6,   4,   7,   4,   4,   0,   8,   8,  16, 112, 192,   0,   0,   0,   0,   0,   0,   0,   0, 240,   0,   0, 122, 122,   0,  64,   0,   2,   0,   4, 248,   0,   0,   0,   0,   0,   0,   0,   0,   0,   0,   0,   0,   0,   0, 
  0,   0,   0,   0, 128, 128,   0,  64, 128,   0,  96, 128,  48,  96,  24,  24,  32,  12,  20,  18,   6,  12,   3,   7,   4,   3,   3,  26,   1,  31, 125,  60,  60,  60, 125,  25,   6,   2,   3,   5,   4,   2,   9,  12,   6,  18,  10,  36,  48,  64,  96,  48, 192, 192,  32, 160, 192,  64,  16, 144,   0,   8,   8,   4,   6,   1,   0,   0,   0,   0,   0,   0,   0,   0,   1,   0,   0,   0,   0,   0,   0,   0,  32,  32,  32,  32,  32,   0,  16,  16,   8,  12,   6,   3, 128, 128, 128,   0,   0, 192, 192, 128, 255,   0,   0,   7,  69,   8, 192, 135,   0,   0, 128, 255,   8, 224, 240, 240, 224, 192, 192, 128,   0,   0,   0,   0,   0,   0, 
  0,   0,   0,   1,   1,   1, 129,   1,  63,  33,  33,  33,  33, 123,  63,  37,  37,  37,  63, 187,  33,  33,  33,  57,  37,  35, 163,  39,  47,  61,  57,  49,  33,  35,  63,  39,  37,  45,  57,  57,  63,  63,  33,  33,  59, 127,  63,  37,  37,  37,  47,  59,  57,  49, 225,  33,  33,  33,  33,  63,  33,   1, 192,   0, 224,  32,  32,   0,   0,   0,  48,  48,  32,   0, 136, 152, 152,  16, 128, 140,  76,  72,  64,   0, 198, 230,  36,  32,   0,   3, 227, 242,  16,  16,   1,   1,   9, 248, 248,   0,   0,   4, 255,   0,   0, 141, 136, 152, 144,  61,   1,   0, 218, 255,   0, 255, 255, 255, 255, 255, 255, 255, 255, 255, 254, 252, 252, 248, 
  0,   0,   0,   0,   0,   0,   0,   0, 255,   0,   0,   0,   0, 255,  86,   0,   0,   0,   0, 255,   0,   0,   0,   0, 255, 255,  16, 172, 244,  62,  37,  39,  35,  34,  34, 226,  34,  34,  34,  35,  37,  38,  58, 228, 248,   0, 255, 255,   0,   0,   0, 255, 255,   0,   0, 255,   0,   0,   0,   0,   0,   0,   0,   0, 255,   2,   0,   0, 127,  65,  65,   0,  63,  63,   0,   0,  32,  32,  63,  63,   0, 128, 128, 128, 159, 159, 144, 144, 128, 128, 143, 143, 136,   8,  72,  72,  64, 199,  71, 192, 192,   4,  15,   0,  16,   5,  33,  34,  38,  32,  48,   0,  15,   6,   0, 255, 255, 255, 255, 255, 255, 255, 255, 255, 255, 255, 255, 255, 
  0,   0,   0,   0,   0,   0,  64,  64, 127,  64,  64,  64,  64, 127, 107,  64,  64,  64,  64, 127,  64,  64,  64,  64, 127, 127,  64,  84, 127,  64,  64,  64,  64,  64,  64, 127,  64,  64,  64,  64,  64,  64,  64, 127, 127,  64, 127, 127,  64,  64,  64, 127, 127,  64,  64, 127,  64,  64,  64,  64,  64,  64,  64, 240, 255,   0,   0,   0,   0,   1,   1,   1,   1,   0,   0,   0,   0,   0,   0,   0,   0,   0,   0,   0,   0, 255,  64, 255, 255,   0,  16,  16,  16,  16,  16,  16,  16, 255,   0, 255, 255,   0,   0,   0,   0,   0,   0,   0,   0,   0,   0,   0,   0,   0,   0, 255,  63, 255,  15, 255, 255, 255, 255, 255, 255, 255, 255, 255, 
  0,   0,   0,   0,   0,   0,   6,   6,   6,   6,   6,   6,   6,   6,   6,   6,   6,   6,   6,   6,   6,   6,   6,   6,   6,   6,   6,   6,   6,   6,   6,   6,   6,   6,   6,   6,   6,   6,   6,   6,   6,   6,   6,   6,   6,   6,   6,   6,   6,   6,   6,   6,   6,   6,   6,   6,   6,   6,   0,   0,   0,   0,   0,  63,  43,  40,  40,  40,  40,  40,  40,  40,  40,  40,  40,  40,  40,  40,  40,  40,  40,  40,  40,  40,  40,  47,  32,  63,  63,  32,  32,  32,  32,  32,  32,  32,  32,  63,  32,  47,  47,  40,  40,  40,  40,  40,  40,  40,  40,  40,  40,  40,  40,  40,  40,  63,  32,  32,  32,  47,  63,  47,  47,  63,  63,  63,  63,  63
};





// ------------------------------------------------------  
// GLCD Picture name: bldgs.bmp            
// GLCD Model: KS0108 128x64            
// ------------------------------------------------------  

const code char bldgs[][128] = {
  0,   0,   0,   0,   0,   0,   0,   0,   0,   0,   0,   0,   0,   0,   0,   0,   0,   0,   0,   0,   0,   0,   0,   0,   0,   0,   0, 255,   0,   0,   0,   0,   0,   0,   0,   0,   0,   0,   0,   0,   0, 255,   4,   4,  12,  12,   8, 248,   4,   4,   6,   2,   2,   2,   0,   6,   6,   8,  12,  20,  24,   0,  48,  48,  96,  64,  64, 192,   0,   0,   0,  64,  64,  64,  64, 192, 192, 128, 192, 192, 128, 128, 160,  32,  32,  32,  32,  32,  32,  32,   0,  64,  64,  80,  80, 240,  16,  64,  96, 128, 192,   0, 128, 128,   0,   0,   0,   0,   0,   0,   0,   0,   0,   0,   0,   0,   0,   0,   0,   0,   0,   0,   0,   0,   0,   0,   0,   0, 
  0,   0,   0,   0,   0,   0,   0,   0,   0,   0,   0,   0,   0,   0,   0,   0,   0,   0,   0,   0,   0,   0,   0,   0,   0,   0,   0, 255,   0,   0,   0,   0,   0,   0,   0,   0,   0,   0,   0,   0,   0, 255, 240,   0, 224, 224,   0, 255,   0,   0,   0,   0,   0,   0,   0,   0,   0,   0,   0,   0,   0,   0,   0,   0,   0,   0,   0,   0, 255, 241, 113,   0, 128, 224, 240,  24,   8, 136,   8,  88, 112,  24, 136, 216,   8, 152, 216, 224,   0,   0,   0,   0,   0,   0,   0, 255,   0,   0, 124,   0,   0,   1, 241,  18,   3, 125, 198,   6, 200,  12, 148, 152, 232, 240,  80,  96, 160, 192,  64,   0,   0,   0,   0,   0,   0,   0,   0,   0, 
  0,   0,   0,   0,   0,   0,   0,   0,   0,   0,   0,   0,   0,   0,   0,   0,   0,   0,   0,   0,   0,   0,   0,   0,   0,   0,   0, 255,   0,   0,   0,   0,   0,   0,   0,   0,   0,   0,   0,   0,   0, 255,   3,   0,  15,  15,   0, 255,   0,   0,   0,   0,   0,   0,   0,   0,   0,   0,   0, 192, 224,  48,  16,  24,  56,  48, 176, 176, 255, 127,   8,   8,  15,   4,   4,  16,   2,  64,  50,  33, 134, 128,  64,  64, 240,  24,  28,   5,  31, 154,  24,  24,  14,   1,  17,   7, 242, 230, 252,   2, 128,   0, 210,   0, 192,   0,   0,   0,   0,   0,  63,   3, 210, 255,  30,   6,   2,   4,   0,   0,   0,   0,   0,   0,   0,   0,   0,   0, 
  0,   0,   0,   0,   0,   0,   0,   0,   0,   0,   0,   0,   0,   0,   0,   0,   0,   0,   0,   0,   0,   0,   0,   0,   0,   0,   0, 255,   0,   0,   0,   0,   0,   0,   0,   0,   0,   0,   0,   0,   0, 255,   0, 254, 254,  14,   0, 255,   0,   0,   0,   0, 128,  96, 240, 176, 208, 208, 104,  47,  30,  56,   9,  22,   3,  17,   9,  25,  71, 110, 156,  29, 232, 208, 192, 192,  64,  64,  65,   0,   0,   0,   0,   0,  16,   0,   0,   0,   8,   0,   1,  10,   0,   0,   1,   5,   9,  45,  62, 240, 127, 192,   0,   0,   0,   0,   0,  64,   0, 128, 128, 128, 122, 255,  64, 192,  32,  96, 112,   0, 192, 128,   0,   0,   0,   0,   0,   0, 
  0,   0,   0,   0,   0,   0,   0,   0,   0,   0,   0,   0,   0,   0,   0,   0,   0,   0,   0,   0,   0,   0,   0,   0,   0,   0,   0, 255,   0,   0,   0,   0,   0,   0,   0,   0,   0,   0,   0,   0,   0, 255,   0, 224, 224,   0,  16, 255,  16,  56, 108, 212,  63,  39,  67,  84, 194, 196,   4, 192, 112, 144,  64, 224,  64,  64,  80, 208, 224, 192,  65, 130, 129,  17,   2, 130, 130, 128, 129, 129,   0, 254,   2,   2,  22,   0, 144,   0, 128,  16,   0, 128,  64,   0,   0,   4,   2,   2,   3,   1,  21,   3, 102, 179, 243, 246,  20,  31,  15,   8,  64,  98, 100,  50,  33,  16,  16,  24,   8,   5,   4,  37, 239, 214,  96, 112,  64,   0, 
  0,   0,   0,   0,   0,   0,   0,  56,   0,   0,   0,   0,   0,   0, 128, 128, 160, 112, 112, 192, 240, 224, 192, 224,  96,  64,  64, 127,   0, 160,   0,   0,  64,   0, 128, 128,  64, 128,   0, 192,  64, 127,   0,  15, 143, 128, 128, 255, 128,   0,   2,   3,   7,   7,   6,   2,   3,   2,   2,   2,   2, 198, 252,   1,   3,   3,   3, 255, 255, 253,   5,   9, 130, 248,  14,   7,  12,  13,   6,   3,   2, 255,   3,   6, 252, 159,   0,  15,  30,  31,  22,  26,   8, 132,  26,  16,  32,  48,  43,  63,   5,   1,  33, 177, 105,  33,  47,  48,  96,  64,  72,  98,  98,  90, 128, 192, 144, 246, 130, 130, 146,   2, 194, 209,  67, 124,  64,   0, 
  0,   0,   0,   0,   0,   0, 148,   0,   0,   0,   0,   0,   0,   0, 254,   3,   3,   2,   2,   2,   2,   2,   2,   2, 150,   2,   0,   0,   0,   0,   0,   0,   0,   0,   0,   2,   2,   2,   2,   2,   3,   3,  67,   1,   1,   0,   0,   0,   2,   3,   3,   2,  18,  16,  16,  16,  16,  16, 144, 208, 144, 243, 255,   0,   0,   0,   0,   0,   0,   1,   1,   1,   1,   1,   1,   1,   0,   0,   0,   0,   2,   2,   3, 255,   3,   3,   3,   3,   3,   3,   0,   0,   0,   3,   2,   2,   6,   6,   6,   4,   4,   4,   4,   7,   7,   4,   0,   0,   0,   0,   8,  14,   8,   8,  15,  13,   8, 248,   1,   1,   1,   1,   1,   0,   0,   0,   0,   0, 
  0,   0,   0,   4,   4,   4,   2,  16,  16,   0,   0,   0,   0,  16,  19,  16,   0,   0,   0,   8,   8,   8,   8,   8,   8,   8,   0,   4,   4,   4,   4,   4,   0,   0,   0,   2,   0,   0,   0,   0, 128, 128, 128,   0,   0,  64,  64,   4,   6,  36,  38,  36,   4,  20,  20,   4,   4,  12,  12,  12,   4,   4,  15,   8,   8,   8,   8,   8,   8,   8,   8,   8,   8,   8,   8,   8,   8,   8,   8,   8,   8,   0,   0,  15,   0,   0,   0,   8,   8,   8,   8,   8,   8,   0,   0,   0,   0,   0,   0,   4,   4,   4,   4,   4,   4,   0,   0,   0,   0,   0,   0,   2,   2,   2,   2,   2,   2,   3,   2,   2,   2,   2,   2,   2,   2,   2,   2,   2
};



// ------------------------------------------------------  
// GLCD Picture name: carsun.bmp            
// GLCD Model: KS0108 128x64            
// ------------------------------------------------------  

const code char carsun[][128] = {
  0,   0,   0,   0,   0,   0,   0,   0,   0,   0,   0,   0,   0,   0,   0,   0,   0,   0,   0,   0,   0,   0,   0,   0,   0,   0,   0,   0,   0,   0,   0,   0,   0,   0,   0,   0,   0,   0,   0,   0,   0,   0,   0,   0,   0,   0,   0,   0,   0,   0,   0,   0,   0,   0,   0,   0,   0,   0,   0,   0,   0,   0,   0,   0,   0,   0,   0,   0,   0,   0,   0,   0,   0,   0,   0,   0,   0,   0,   0,   0,   0,   0,   0,   0,   0,   0,   0,   0,   0,   0,   0,   0,   0,   0,   0,   0,   0,   0,   0,   0,   0,   0,   0,   0,   0,   0,   0,   0,   0,   0,   0,   0,   0,   0,   0,   0,   0,   0,   0,   0,   0,   0,   0,   0,   0,   0,   0,   0, 
  0,   0,   0,   0,   0,   0,   0,   0,   0,   0,   0,   0,   0,   0,   0,   0,   0,   0,   0,   0,   0,   0,   0,   0,   0,   0,   0,   0,   0,   0,   0,   0,   0,   0,   0,   0,   0,   0,   0,   0,   0,   0,   0,   0,   0,   0,   0,   0,   0,   0,   0,   0,   0,   0,   0,   0,   0,   0,   0,   0,   0,   0,   0,   0,   0,   0,   0,   0,   0,   0,   0,   0,   0, 128, 128, 128, 128, 128, 128,   0,   0,   0,   0,   0,   0,   0,   0,   0,   0,   0,   0,   0,   0,   0,   0,   0,   0,   0,   0,   0,   0,   0,   0,   0,   0,   0,   0,   0,   0,   0,   0,   0,   0,   0,   0,   0,   0,   0,   0,   0,   0,   0,   0,   0,   0,   0,   0,   0, 
128, 128, 128, 128, 128, 144, 144, 144, 144, 144, 144, 128, 144, 128,   0, 144, 144,   0,   0,  32,  32,   0,   0,   0,   0,  16,   0,   0,   4,   4,   4, 132, 128, 128, 128,  64,  64,  64,  64,  64,  64,  68,  64,  64,  64,  64,  64,  68,  64,  64,  64,  64,   0,   0,   0,  68,  36, 164,   4,   4, 132, 132, 132,   4,  36,  36,  36,   4, 132, 188, 226, 161,  56, 192,   2, 130, 130, 130,  66,  68,  25, 129, 102,   0,   0,   0,   0,   0,   0,   0,  70,  66,  66,   2,  66,   2,  32,   0,   0,   0,   0,   0,   0,   0,   0,   0,  12,   8,  72,  72,  72,  72,   8,  40,  40,   8,   8,   8,  64,  64,  64,  64,  64,  64,   0,   0,   0,   0, 
  0,   2,   0,   0,   0,   0,   0,   0,   0,   0,   0, 128, 128,   0,  64,  66,   2,  66, 129,   1,   1,  67,   1,  34,  34,  34,  34,   2,   0,   0,  80, 136,   8,   0,   0,   0, 128, 194,  96,   2, 209,   9,   9,   9, 137,  81,  16,  16,  28,  31, 224, 136,  24,  72, 152, 152,  32, 148,  44, 156,  68,  52, 128, 224, 248,  64,  72,  72, 184, 120, 184,  24,  25, 164,  86, 158, 215, 211, 187, 181, 189, 173, 164, 236, 160, 200, 184, 248, 232, 240, 236, 208, 215, 239, 203, 213, 229, 253, 237, 209, 168,  89, 169,  81, 145, 113,  80,  48,  96, 160, 160,  64, 193,  65, 121,  60, 128, 128, 128, 248, 112, 128,   0,   0,   0,   0,   0,   0, 
  0,   0,   0,   0,   0,   0,   0,   0,   0,   1,   0,   0,   0,   0,   0,   0,   0,   0,   0,   0,   0,   0,   0,   0,   0,   0,   0,   0,   1,   1,   0,   1,   1,   2,  17,  23,  30,   1, 128,  64,  64,  37,  36,   7,  18,  18,  10,   7,   6,   6,   7,   7,   6,   2,   3,   2,   2,   3,   2,   3,   3,   3,   2,   2,   7,   6,   7,   7,   6,   7, 134, 198, 182, 158, 199, 235, 127,  65,  94, 110, 102,  94,  94,  94,  94, 114, 115,  99,  67,  67,  67,  67,  67,  67,  67,  83,  83,  94,  94,  76,  79, 124, 100,  68, 134, 133,   4,   5,   5,   6,   5,   6,  20,  15,   0, 224,  47,  32,   8,  23, 112,  19,   8,   0,   0,   0,   0,   0, 
  0,   0,   0,   0,   0,   0,   0,   0,   0,   0,   0,   0,   0,   0,   0,   0,   0,   0,   0,   0,   0,   0,   0,   0,   0,   0,   0,  32,  16,  16,   8,   8,   4,   4,   2,   2,   1,   0,   0,   0,   0,   0,   0,   0,   0,   0,   0,   0,   0,   0,   0,   0,   0,   0,   0,   0,   0,   0,   0,   0,   0,   0,   0,   0,   0, 128, 224,  48, 216, 126, 127,  79,  75, 105,  72,  72,  72,  72,  72,  72,  72,  72,  72,  72,  72,  72,  72,  72,  72,  72,  72,  72,  72,  72,  72,  72,  64,  64,  64,  64,  64,  64,  64,  64,  64,  81, 111, 111, 110, 124, 240,  32,  64, 128,   0,   0,   0,   0,   0,   0,   0,   0,   0,   0,   0,   0,   0,   0, 
  0,   0,   0,   0,   0,   0,   0,   0,   0,   0,   0,   0,   0,   0,   0,   0,   0,   0,   0,   0,   0,   0,   0,   0,   0,   0,   0,   0,   0,   0,   0,   0,   0,   0,   0,   0,   0,   0,   0,   0,   0,   0,   0,   0,   0,   0,   0,   0,   0,   0,   0,   0,   0,   0,   0,   0,   0,   0,   0,   0,   0,   0,   0,   4,   6,   1,   0,   0,   3,   6,   7,  31,  31,  31,  31,   3,   3,   3,   3,   3,   3,   3,   3,   3,   3,   3,   3,   3,   3,   3,   3,   3,   3,   3,   3,   3,   3,   3,   3,   3,   3,   3,   3,   3,   3,  15,  15,  15,  15,   7,   3,   0,   0,   0,   1,   3,   6,   4,   0,   0,   0,   0,   0,   0,   0,   0,   0,   0, 
  0,   0,   0,   0,   0,   0,   0,   0,   0,   0,   0,   0,   0,   0,   0,   0,   0,   0,   0,   0,   0,   0,   0,   0,   0,   0,   0,   0,   0,   0,   0,   0,   0,   0,   0,   0,   0,   0,   0,   0,   0,   0,   0,   0,   0,   0,   0,   0,   0,   0,   0,   0,   0,   0,   0,   0,   0,   0,   0,   0,   0,   0,   0,   0,   0,   0,   0,   0,   0,   0,   0,   0,   0,   0,   0,   0,   0,   0,   0,   0,   0,   0,   0,   0,   0,   0,   0,   0,   0,   0,   0,   0,   0,   0,   0,   0,   0,   0,   0,   0,   0,   0,   0,   0,   0,   0,   0,   0,   0,   0,   0,   0,   0,   0,   0,   0,   0,   0,   0,   0,   0,   0,   0,   0,   0,   0,   0,   0
};





// ------------------------------------------------------  
// GLCD Picture name: firplce.bmp            
// GLCD Model: KS0108 128x64            
// ------------------------------------------------------  

const code char firplce[][128] = {
 16,   0,   0,   0,   0,   0,   0,   0,   0,   0,   0,   0,   0,   0,   0,   0,   0,   0,   0,   0,   0,   0,   0,   0,   0,   0,   0,   0,   0,   0,   0,   0, 252,   0,   0,   0,   0,   0,   0,   0,   0,   0,   0, 252,   0,   0,   0,   0,   0,   0,   0,   0,   0,   0,   0,   0,   0,   0,   0,   0,   0,   0,   0,   0,   0,   0, 192, 192,   0,   0,   0,   0,   0,   0,   0,   0, 192,   0,   0,   0,   0,   0,   0,   0,   0,   0,   0,   0,   0,   0,   0,   0,   0,   0, 192, 192,   0,   0,   0,   0,   0,   0,   0, 192, 192,   0,   0,   0,   0,   0,   0,   0,   0,   0,   0,   0,   0,   0,   0,   0,   0,   0,   0,   0,   0,   0,   0,   0, 
  0,   0,   0,   0,   0,   0,   0,   0,   0,   0,   0,   0,   0,   0,   0,   0,   0,   0,   0,   0,   0,   0,   0,   0,   0,   0,   0,   0,   0,   0,   0,   0, 255,   0,   0,   0,   0,   0,   0,   0,   0,   0,   0, 255,   0,   0,   0,   0,   0,   0,   0,   0,   0,   0,   0,   0,   0,   0,   0,   0,   0,   0,   0,   0,   0,   0, 195, 255,   0,   0,   0,   0,   0,   0,   0,   0, 255,   0,   0,   0,   0,   0,   0,   0,   0,   0,   0,   0,   0, 128,  64, 224,  80,  12,  15,   3,   4,   0,   0,   0,   0,   0,   0,   3,   3,   4,   8,  80,  32, 192,   0,   0,   0,   0,   0,   0,   0,   0,   0,   0,   0,   0,   0,   0,   0,   0,   0,   0, 
  0,   0,   0,   0,   0,   0,   0,   0,   0,   0,   0,   0,   0,   0,   0,   0,   0,   0,   0,   0,   0,   0,   0,   0,   0,   0,   0,   0,   0,   0,   0, 128, 255,   0,   0,   0,   0,   0,   0,   0,   0,   0,   0, 127, 128,   0,   0,   0,   0,   0,   0,   0,   0,   0,   0,   0,   0,   0,   0,   0,   0,   0,   0,   0,   0,   0, 131, 255,   0,   0,   0,   0,   0,   0,   0,   0, 255,   0,   0,   0,   0,   0, 192,  64, 112,  24,  28,  14,   1,   8,   4,   0,   0,   0,   0,   0,   0,   0,   0,   0,   0,   0,   0,   0,   0,   0,   0,   0,   0,   0,   1,   3,   4,   8,  80,  32, 192,   0,   0,   0,   0,   0,   0,   0,   0,   0,   0,   0, 
  0,   0,   0,   0,   0,   0,   0,   0,   0,   0,   0,   0,   0, 240,  96,  96,  64,  64, 112,  64,  64,  64,  64,  64,  64,  96,  96,  72,  68,  66,  71,  65,  65,  64,  64,  64,  64,  64,  64,  64,  64,  64,  64,  64,  64,  65,  64,  64,  68,  72,  80,  96,  64,  64,  64,  64,  64,  64,  80,  64,  64,  64,  80, 192, 192,   0,   7, 255,   0,   0,   0,   0,   0,   0,   0,   0, 255,  48,  56,  44,  38,  37, 226, 226,  33,  32,  32,  32,  32,  32, 224, 224,  96,  96,  96,  96,  96,  96,  96,  96,  96,  96,  96,  96,  96,  96,  96,  96, 224, 224,  32,  32,  32,  32,  32,  32,  32, 225,  35,  38,  40, 240,  48,  48,   0,   0,   0,   0, 
  0,   0,   0,   0,   0,   0,   0,  32, 224,  96,  96,  96, 112,  96,  96, 224,  46, 232, 232, 232, 232, 232, 232, 232, 232, 232, 232, 232, 232, 232, 232, 232, 232, 232, 232, 238, 224, 224, 230, 224, 224, 238, 232, 232, 232, 232, 232, 232, 232, 232, 232, 232, 232, 232, 232, 232, 232, 232, 104, 110,  96,  96,  96,  96, 112,  96, 127, 127,  64,  64,  64,  64,  64,  64,  64,  64, 127,  64,  64,  64,  64,  64, 127,  96,   0, 128,   0,   0,   0,   0, 255, 255,   0,   0,   0,   0,   0,   0,   0,   0,   0,   0,   0,   0,   0,   0,   0,   0, 255, 255,   0,   0,   0,   0,   0,   0,   0, 255,   0,   0,   0, 255,   0,   0,   0,   0,   0,   0, 
  0,   0,   0,   0,   0,   0,   0,   0, 255,  24,  24,  24,  24,  24,  24, 255,   0, 255, 255, 255, 255, 255, 247, 241, 120,  49,  17,  33,  97,  97,  35,  83,  99,  81,  65,  99,   7,  39,  87, 103,   7,  55,  39,  39,  39,  47,  15,  15,  15, 143,  15, 143,  15,  31,  31,  31, 255, 255,   1, 133,   5,   5,   5,   5,  20,   4, 132,   4,   4, 196, 196,   4,   4, 132,   4,   5,  21, 229,   5,   5,   5,  21, 253,  17, 255,  49, 112,  48,  48,  48,  63,  63,  60,  56,  56,  56,  60,  60,  60,  60,  60,  60,  60,  60,  60,  60,  60,  56,  63,  63,  48,  48,  48,  48,  48,  48, 112, 191, 240, 112, 112,  63,  48,   0,   0,   0,   0,   0, 
  0,   0,   0,   0,   0,   0,   0,   0, 131, 136, 192, 128, 136, 160, 168, 139, 128, 159, 159, 159, 159, 159, 156, 156, 150, 156, 156, 158, 158, 158, 158, 158, 158, 158, 158, 156, 157, 157, 156, 158, 158, 158, 159, 159, 158, 158, 158, 158, 158, 157, 156, 158, 159, 147, 223, 159, 159, 159, 128, 131, 131, 128, 128, 136, 128, 128, 129, 131, 129, 129, 129, 131, 130, 129, 128, 128, 128, 143, 128, 128, 128, 128, 159, 128, 191, 163, 141, 217,  58, 112, 224,  32,   0,   0,   0,   0,   0,   0,   0,   0,   0,   0,   0,   0,   0,   0,   0, 128, 128, 128,  64,  32,  20,  10,   3,   0,   0,   0,   0,   0,   0,   0,   0,   0,   0,   0,   0,   0, 
  0,   0,   0,   0,   0,   0,   0,   1,   0,   0,  16,  24,  24,  20,  18,  18,  26,  14,   0,   0,   0,   0,   0,   0,   0,   0,   0,   0,   0,   0,   0,   0,   0,   0,   0,   0,   0,   0,   0,   0,   0,   0,   0,   0,   0,   0,   0,   0,   0,   0,   0,   0,   0,   0,  24,  20,  18,  17,  12,   3,   1,   6,  10,  18,  18,  22,  24,  24,  16,   0,   1,   0,   0,   0,   0,   0,   0,   0,   0,   0,   1,   3,   7,  27,   2,   4,  24,  20,  20,  14,  23,  19,   1,   0,   0,   0,   0,   0,   0,   0,   0,   0,   0,   0,   0,   0,   0,   0,   1,   3,  12,  24,  24,  16,   0,   0,   0,   0,   0,   0,   0,   0,   0,   0,   0,   0,   0,   0
};





// ------------------------------------------------------  
// GLCD Picture name: house.bmp            
// GLCD Model: KS0108 128x64            
// ------------------------------------------------------  

const code char house[][128] = {
  0,   0,   0,   0,   4,  10,  58,  62, 122, 210, 208, 208, 208, 208, 208,  48, 188,  60, 172, 172, 246, 247, 255, 110, 254, 190, 126, 126,  92, 152,  96,   0,   0,   0,   0,   0,   0,   0,   0,   0,   0,   0,   0,   0,   0,   0,   0,   0,   0,   0,   0,   0,   0,   0,   0,   0,   0,   0,   0,   0,   0,   0,   0,   0, 128, 128, 128, 128,   0, 129, 129, 141, 143, 136, 192,  80, 208, 200,   8,   8, 140,  12,  58,  58,  71, 130, 135,   0, 161, 208, 112, 240, 160, 166, 166, 153, 139, 142, 141, 143,  15,  27,  23,  23,  27,  15,  15, 143, 190, 187, 191, 159, 204, 140, 143, 246, 246, 246, 230, 189, 255, 177, 189, 238, 195,  76,   0,   0, 
  0,   0,   0,   0,   0,   0,   0,  24,  28, 222, 126, 123,  57,  63, 125, 120,  15,  15,   3,   3,  65, 193, 225, 193, 192, 192,   0,   0,   0,   0,   0,   0,   0,   0,   0,   0,   0,   0,   0,   0,   0,   0,   0,   0,   0,   0,   0,   0,   0,   0,   0,   0,   0,   0,   0,   0,   0,   0,   0,   0,   0,  98,  99,  29, 153, 192,  66, 199, 132, 132, 133, 135,   0,   0, 128,  80, 120,  81, 113, 118, 126,  63,  31,  22, 227, 253, 248, 224, 192, 193, 194, 194, 194, 195, 129,   0,   1, 131, 131, 191, 191, 230, 234, 234, 188, 248, 241, 195,  66,  71, 129, 133, 133, 174, 255, 255, 247, 255, 255, 254, 254, 255, 251, 253, 210, 208,   0,   0, 
  0,   0,   0,   0,  32,  60,  52, 247, 254, 241, 245, 239, 255, 188, 182, 254, 252, 230, 243, 233, 247, 151, 153, 255, 247, 243, 223, 221, 252, 120, 120, 248, 104, 120, 248, 112, 112,  48,  16,  16,  16,  16,  16,  16,  16,  16,  16,  16,  16,  16,  16,  16,  16,  16,  16,  16,  16,  16,  16,  16,  16,  16,  16,  16,  16,  16,  16,  16,  16,  16,  16,  17,  17,  17,  17,  16,  16,  16,  16,  16,  16,  16,  16,  16,  31,  31,  31,  31,  17,  17,  17,  17,  17,  17,  17,  18,  18,  25,  25,  44,  15,  31,  63,  63, 111, 127,  58,  63, 119, 119, 255, 191,  53,  22,  31,  11,  31,  31,  47,  63,  63, 255, 207, 255, 255,  47,  37,   0, 
  0,   0,   0,   0,   0,   0,  32, 251, 255, 255, 255, 255, 255, 131, 129, 193, 227, 227,  51,  55, 229, 199,   7,  15,  11,  27,  31,  28,  56, 240,  96,  96,  97,  97,  97,  97,  96,  96,  96,  96,  96,  96,  96,  96,  96,  96,  96,  96,  96,  96,  96,  96,  96,  96, 224,  96,  96,  96,  96,  96,  96,  96,  96,  96,  96,  96,  96,  96,  96,  96,  96,  96,  96,  96,  96,  96,  96,  96,  96,  96,  96,  96,  96,  96,  96,  96,  96,  96,  96,  96,  96,  96,  96,  96,  96,  96,  96,  96,  96,  96,  96,  96,  96,  96,  96,  96,  96,  96,  96,  96,  96,  97,  99,  98, 102, 108, 248, 240,  96,  96,   0, 255, 255, 255, 255,   0,   0,   0, 
  0,   0,   0,   0,   2,  23,  29,  33,  33, 255, 255, 255, 255, 167, 167,  58,  24, 120, 248, 232, 121, 123, 122, 158, 144,   0, 252, 158, 159, 127,  96, 128,  14,  10,  10,  10,  10,  10,  10,  14,   0,   0,   0,  14,  10,  10,  10,  10,  10,  14,  14,   0,   0, 128, 255, 248, 232, 192, 192, 254, 254, 254,  34,  34,  34,  34,  34,  34, 254,  34,  34,  34,  34,  34,  34,  34, 254, 254, 254,  50,   0,   0,   0, 254, 130, 186,  58,  58,  98,  98,  98,  98,   2, 254,   0,   0,   0, 254, 254, 254, 254,  34,  34,  34,  34, 254, 254,  34,  34,  34,  34,  34, 254, 254, 254, 224, 127, 255, 194, 222, 126, 255, 255, 255, 255,   0,   0,   0, 
  0,   0,   0,   0,   0, 128, 128, 128,  96, 191, 255, 127, 255, 255, 225, 195, 207, 140, 137,   8,   8,   8,   8,  25,  63,  59,  11,  79,  79,  73, 233, 254, 168, 160, 160,  32,  32,  32,  32,  32,  32,  32,  32,  32,  32,  32,  32,  32,  32,  32,  32,  32,  60,  63,  39,  47,  63,  63, 125,  73,   9, 225,  64,  72, 120, 120, 120, 121,  73,  65,  77,  81,  25, 121,  73, 121,  49, 113,  73,  73, 200, 200, 120, 127,  80,  81,  64,  64,  64,  80,  80, 240, 224, 127,  24, 152, 144, 201, 233, 249, 249,  56, 136,   8, 144, 241, 121, 120, 160, 248, 240, 112,   9, 121,  63, 127, 120, 104,  77,  76, 124, 255, 255, 255, 255, 248,   0,   0, 
  0,   0,   0,   0,   0,   0,   0,   0,   0,   0,   0,   0,   0,   0,   0,   0,   0,   0,   0,   0,   0,   0,   0,   0,   0,   0,   0,   0,   0,   0,   0,   0,   1,   1,   3,   3,   3,   6,   6,  12,  12,  24,  24,  16,  48,  32,  96,  96, 192, 192, 128, 128,   0,   0,   0,   0,   0,   0,   0,   0,   0,   1,   0,   2,   2,   6,   6,   0,   0,   4,   0,   0,   2,   2,  34,  98,  98, 208, 209, 145, 145,  16,  16,  16,   8,   8,   8,   4,   6,   2,   1,   1,   0,   0,   0,   0,   0,   0,   0,   0,   0,   0,   0,   0,   0,   0,   0,   0,   0,   0,   0,   0,   0,   0, 128, 128, 192, 192, 224, 224, 248, 231, 239, 255, 119,  67,   0,   0, 
  0,   0,   0,   0,   0,   0,   0, 128, 128,   0, 192, 192, 192, 192, 192, 192, 192, 192, 192, 192, 192, 192, 192, 192, 192, 192, 192, 192, 192,  64,  64,  64,  64,  64,  64,  64,  64,  64,  64,  64,  64,  64,  64,  64,  64,  64,  64,  96,  64,  64,  65,  65,  99,  99,  98, 102, 102, 108, 108, 120, 120, 120, 112, 112,  32,   0,   0,   0,   0,   0,   0,   0,   0,   0,   0,   0,   0,   0,   0,   1,   1,   1,   3,   2,   6,   6,  12,  12,  24,  24,  48,  48,  48,  48,  48,  48,  48,  48,  48,  48,  48,  48,  48,  48,  48,  48,  48,  48,  48,  48,  48,  48,  48,  48,  48,  48,  48,  48,  48,  48,  16,  16,   0,   0,   0,   0,   0,   0
};




// ------------------------------------------------------  
// GLCD Picture name: mailbx.bmp            
// GLCD Model: KS0108 128x64            
// ------------------------------------------------------  

const code char mailbx[][128] = {
  0,   0,   0,   0,   0,   0,   0,   0,   0,   0,   0,   0,   0,   0,   0,   0,   0,   0,   0,   0,   0,   0,   0,   0,   0,   0,   0,   0,   0,   0,   0,   0,   0,   0,   0,   0,   0,   0,   0,   0,   0,   0,   0,   0,   0,   0,   0,   0,   0,   0,   0,   0,   0,   0,   0,   0,   0,   0,   0,   0,   0,   0,   0,   0,   0,   0,   0,   0,   0,   0,   0,   0,   0,   0,   0,   0,   0,   0,   0,   0,   0,   0,   0,   0,   0,   0,   0,   0,   0,   0,   0,   0,   0,   0,   0,   0,   0,   0,   0,   0,   0,   0,   0,   0,   0,   0,   0,   0,   0,   0,   0,   0,   0,   0,   0,   0,   0,   0,   0,   0,   0,   0,   0,   0,   0,   0,   0,   0, 
  0,   0,   0,   0,   0,   0,   0,   0,   0,   0,   0,   0,   0,   0,   0,   0,   0,   0,   0,   0,   0,   0,   0,   0,   0,   0,   0,   0,   0,   0,   0,   0,   0,   0,   0,   0,   0,   0,   0,   0,   0,   0,   0,   0,   0,   0,   0,   0,   0,   0,   0,  28, 126, 126, 126, 126, 126, 126, 126, 126, 126, 126, 126, 254, 254, 254, 254, 254,   0,   0,   0,   0,   0,   0,   0,   0,   0,   0,   0,   0,   0,   0,   0,   0,   0,   0,   0,   0,   0,   0,   0,   0,   0,   0,   0,   0,   0,   0,   0,   0,   0,   0,   0,   0,   0,   0,   0,   0,   0,   0,   0,   0,   0,   0,   0,   0,   0,   0,   0,   0,   0,   0,   0,   0,   0,   0,   0,   0, 
  0,   0,   0,   0, 240,  16,  16, 144,  16,  16,   0, 144, 128, 128,   0,   0,   0,  96, 112, 240, 208,  96,  48,  24,   8,  16,  16,  32,  32,  32,  64,  64, 128, 128,   0,   0,   0,   0,   0,   0, 224,  16,   8,   8,   8,   8,   8,   8,   8,   8,   8,   8,   8,   8,   8,   8,   8,   8,   8,   8,   8,   8,   8,  15,  15,  15,  15,  15,   8,   8,   8,   8,   8,   8,   8,   8,   8,   8,   8,   8,   8,   8,   8,   8,   8,   8,   8,   8,   8,   8,   8,   8,   8,   8,   8,   8,   8,   8,   8,   8,   8,   8,   8,   8,   8,   8,   8,   8,   8,   8,   8,   8,   8,   8,   8,   8,  24, 240,   0,   0,   0,   0,   0,   0,   0,   0,   0,   0, 
  0,   0,   0,   0,  15,   8,   8, 136, 136,  72,  74,  72,  40,  42,   8,  24,  24,   8,  62,  53,  56,   8,   8,  18,  16,  37,  37,  66, 242,  28,  30, 120, 120,  56,  28,  31,  31,  30, 154,  30, 255,   0,   0,   0,   0,   0,   0,   0,   0,   0,   0,   0,   0,   0,   0,   0,   0,   0,   0,   0,   0,   0,   0,   0,   0, 127,   6,  56,  64,  56,   6, 127,  64,  56,  22,  17,  22,  56,  64,   0, 127,   0,   0, 127,  64,  64,  64,  64,   0,   0,   0,   0,   0,   0,   0,   0,   0,   0,   0,   0,   0,   0,   0,   0,   0,   0,   0,   0,   0,   0,   0,   0,   0,   0,   0,   0,   0, 255,   0,   0,   0,   0,   0,   0,   0,   0,   0,   0, 
  0,   0,   0,   0,   0,   1,   3,   4,  24,  48,  96,  64,   0,  68,  64,  42,  34,  21,  85,  73,  72,  72,  68,  68,  66,  66,  64,  65,  95,  80,  80,  80,  80,  80,  81,  81,  83,  82,  82,  83, 127,  96,  96,  96,  96,  96,  96,  96,  96,  96,  96,  96,  96,  96,  96,  96,  96,  96, 224, 224, 224, 224, 224, 224, 224, 224, 224, 224, 224, 224, 224, 224, 224, 224, 224, 224, 224, 224, 224, 224, 224, 224, 224, 224, 224, 224, 224, 224, 224, 224, 224, 224, 224, 224, 224, 224, 224, 224, 224, 224, 224, 224, 224, 224, 224, 224, 224, 224, 224, 224, 224, 224, 224, 224,  32,  32,  32,  63,   0,   0,   0,   0,   0,   0,   0,   0,   0,   0, 
  0,   0,   0,   0,   0,   0,   0,   0,   0,   0,   0,   0,   0,   0,   0,   0,   0,   0,   0,   0,   0,   0,   0,   0,   0,   0,   0,   0,   0,   0,   0,   0,   0,   0,   0,   0,   0,   0,   0,   0,   0,   0,   0,   0,   0,   0,   0,   0,   0,   0,   0,   0,   0,   0,   0,   0,   0,   0,   0,   0,   0,   1,   1,   3,   3,   3,   7,   7,  15,  15,  31,  31,  31,  63,  63, 127, 127, 125, 253, 253, 249, 249, 241, 241, 241, 225, 225, 193, 193, 129, 129, 129,   1,   1,   1,   1,   1,   1,   1,   1,   1,   1,   1,   1,   1,   1,   1, 255, 255, 255, 255, 255, 255, 255,   0,   0,   0,   0,   0,   0,   0,   0,   0,   0,   0,   0,   0,   0, 
  0,   0,   0,   0,   0,   0,   0,   0,   0,   0,   0,   0,   0,   0,   0,   0,   0,   0,   0,   0,   0,   0,   0,   0,   0,   0,   0,   0,   0,   0,   0,   0,   0,   0,   0,   0,   0,   0,   0,   0,   0,   0,   0,   0,   0,   0,   0,   0,   0,   0,   0,   0,   0,   0,   0,   0,   0,   0,   0,   0,   0,   0,   0,   0,   0,   0,   0,   0,   0,   0,   0,   0,   0,   0,   0,   0,   0,   0,   0,   0,   1,   1,   1,   3,   3,   7,   7,   7,  15,  15,  31,  31,  31,  63,  63, 126, 126, 124, 252, 252, 248, 248, 240, 240, 224, 224, 224, 255, 255, 255, 255, 255, 255, 255,   0,   0,   0,   0,   0,   0,   0,   0,   0,   0,   0,   0,   0,   0, 
  0,   0,   0,   0,   0,   0,   0,   0,   0,   0,   0,   0,   0,   0,   0,   0,   0,   0,   0,   0,   0,   0,   0,   0,   0,   0,   0,   0,   0,   0,   0,   0,   0,   0,   0,   0,   0,   0,   0,   0,   0,   0,   0,   0,   0,   0,   0,   0,   0,   0,   0,   0,   0,   0,   0,   0,   0,   0,   0,   0,   0,   0,   0,   0,   0,   0,   0,   0,   0,   0,   0,   0,   0,   0,   0,   0,   0,   0,   0,   0,   0,   0,   0,   0,   0,   0,   0,   0,   0,   0,   0,   0,   0,   0,   0,   0,   0,   0,   0,   0,   1,   1,   1,   3,   3,   7,   7,   7,  15,  15,  31,  31,  63,  63,   0,   0,   0,   0,   0,   0,   0,   0,   0,   0,   0,   0,   0,   0
};



// ------------------------------------------------------  
// GLCD Picture name: mikro_test.bmp            
// GLCD Model: KS0108 128x64            
// ------------------------------------------------------  

const code char mikro_test[][128] = {
  0,   0,   0,   0,   0,   0,   0,   0,   0,   0, 128, 192, 192, 192, 192, 192, 192,   0, 192, 192, 192,   0,   0,   0,   0,   0,   0,   0, 128, 192, 192, 192, 192, 128,   0, 192, 192, 192, 192, 192, 192, 192, 128,   0,   0,   0,   0,   0,   0,   0, 192, 192, 192,   0,   0, 192, 192, 192, 192,   0,   0, 128, 192, 192, 192, 192, 192,   0,   0,   0, 128, 192, 192, 192, 192, 128,   0,   0,   0,   0,   0, 128, 128, 192,   0,   0,   0,   0, 128, 192, 192, 192, 192, 128,   0,   0,   0, 128, 192, 192, 192, 192, 192, 128,   0,   0,   0,   0,   0,   0,   0,   0,   0,   0,   0,   0,   0,   0,   0,   0,   0,   0,   0,   0,   0,   0,   0,   0, 
  0,   0,   0,   0,   0,   0,   0,   0,  62, 127, 255, 247, 193, 217, 253, 253, 252, 252, 255, 255, 255, 224, 192, 192, 192,   0,  62, 127, 255, 247, 193, 193, 193, 193,   0, 255, 255, 255, 227, 193, 227, 255, 255, 127,  28,   0,   0,   0,   0,   0, 255, 255, 255,  30,  63, 255, 255, 243, 128,   0, 199, 207, 207, 223, 253, 249, 249, 112,   0, 127, 255, 255, 195, 193, 255, 255, 127,   0,   2,   7,   7, 255, 255, 255,   0,   0,   0, 127, 255, 255, 195, 193, 255, 255, 127,   0, 243, 255, 255, 221, 221, 255, 255, 243,   0,   0,   0,   0,   0,   0,   0,   0,   0,   0,   0,   0,   0,   0,   0,   0,   0,   0,   0,   0,   0,   0,   0,   0, 
  0,   0,   0,   0,   0,   0,   0,   0,   0,   0,   0,   1,   1,   1,   1,   1,   1,   0,   1,   1,   1,   1,   1,   1,   1,   0,   0,   0,   0,   1,   1,   1,   1,   1,   0,   1,   1,   1,   1,   1,   1,   1,   0,   0,   0,   0,   0,   0,   0,   0,   1,   1,   1,   0,   0,   1,   1,   1,   1,   0,   1,   1,   1,   1,   1,   1,   0,   0,   0,   0,   0,   1,   1,   1,   1,   0,   0,   0,   0,   0,   0,   1,   1,   1,   0,   0,   0,   0,   0,   1,   1,   1,   1,   0,   0,   0,   0,   1,   1,   1,   1,   1,   1,   0,   0,   0,   0,   0,   0,   0,   0,   0,   0,   0,   0,   0,   0,   0,   0,   0,   0,   0,   0,   0,   0,   0,   0,   0, 
  0,   0,   0,   0,   0,   0,   0,   0,  30,  30,   0,  30,  30,   0, 254, 254, 254, 240, 224, 240, 254, 254, 254,   0, 192, 224, 240,  48, 176, 240, 240,  96,   0, 254, 254, 254,   0,   0, 254, 254, 254,   0,   0, 192, 224, 240, 112,  48, 112, 240, 240, 224,   0,   0,   0,   0,  48, 240, 240, 192, 192, 240, 240, 192, 192, 240, 240,  48,   0, 192, 224, 240, 112,  48, 112, 240, 240, 224,   0, 240, 240, 240, 112,  48,   0, 254, 254, 254,   0,   0, 192, 240, 240, 112,  48, 112, 254, 254, 254,   0,  30,  30,   0,  30,  30,   0,   0,   0,   0,   0,   0,   0,   0,   0,   0,   0,   0,   0,   0,   0,   0,   0,   0,   0,   0,   0,   0,   0, 
  0,   0,   0,   0,   0,   0,   0,   0,   0,   0,   0,   0,   0,   0,  15,  15,  15,   0,   0,   0,  15,  15,  15,   0,   3,   7,  15,  15,  15,  14,  14,  12,   0,  15,  15,  15,   0,   0,  15,  15,  15,   0,   0,   3,   7,  15,  14,  14,  14,  15,   7,   3,   0,   0,   0,   0,   0,   1,  15,  15,  15,   3,   7,  15,  15,  15,   1,   0,   0,   3,   7,  15,  14,  14,  14,  15,   7,   3,   0,  15,  15,  15,   0,   0,   0,  15,  15,  15,   0,   0,   3,   7,  15,  14,  14,  14,  15,  15,  15,   0,   0,   0,   0,   0,   0,   0,   0,   0,   0,   0,   0,   0,   0,   0,   0,   0,   0,   0,   0,   0,   0,   0,   0,   0,   0,   0,   0,   0, 
  0,   0,   0,   0,   0,   0,   0,   0,   0,   0,   0,   0,   0,   0,   0,   0,   0,   0,   0,   0,   0,   0,   0,   0,   0,   0,   0,   0,   0,   0,   0,   0,   0,   0,   0, 128, 128, 128, 128, 128, 128, 128, 128, 128, 128, 128,   0,   0,  16, 184, 248, 144,   0, 240, 240, 240,   0, 128, 128, 128, 128,   0, 128, 128, 128, 128, 128,   0,   0,   0, 128, 128, 128, 128, 128, 128,   0,   0, 240, 240, 240, 112, 112, 240, 224, 192,   0,   0, 128, 128, 128, 128, 128, 128,   0,   0,   0, 128, 128, 128, 128, 128,   0,   0,   0, 128, 128, 128, 128, 128, 128,   0, 128, 128, 128, 128, 128, 128,   0,   0, 240, 240, 240,   0,   0,   0,   0,   0, 
  0,   0,   0,   0,   0,   0,   0,   0,   0,   0,   0,   0,   0,   0,   0,   0,   0,   0,   0,   0,   0,   0,   0,   0,   0,   0,   0,   0,   0,   0,   0,   0,   0,   0,   0, 127, 127, 127,   3, 127, 127, 127,   3,   3, 127, 127, 127,   0,   0, 127, 127, 127,   0, 127, 127, 127,  14,  63, 127, 123,  96,   0, 127, 127, 127,   3,   1,   0,  30,  63, 127, 115, 113, 115, 127,  63,  31,   0, 127, 127, 127,  14,  14,   7,   7,   3,   0,  56, 125, 125, 109, 109, 127, 127, 127,   0, 119, 103, 111, 125, 125,  57,   0,  30,  63, 127, 115, 113, 115, 113,   0,  56, 125, 125, 109, 109, 127, 127, 127,   0, 127, 127, 127,   0,   0,   0,   0,   0, 
  0,   0,   0,   0,   0,   0,   0,   0,   0,   0,   0,   0,   0,   0,   0,   0,   0,   0,   0,   0,   0,   0,   0,   0,   0,   0,   0,   0,   0,   0,   0,   0,   0,   0,   0,   0,   0,   0,   0,   0,   0,   0,   0,   0,   0,   0,   0,   0,   0,   0,   0,   0,   0,   0,   0,   0,   0,   0,   0,   0,   0,   0,   0,   0,   0,   0,   0,   0,   0,   0,   0,   0,   0,   0,   0,   0,   0,   0,   0,   0,   0,   0,   0,   0,   0,   0,   0,   0,   0,   0,   0,   0,   0,   0,   0,   0,   0,   0,   0,   0,   0,   0,   0,   0,   0,   0,   0,   0,   0,   0,   0,   0,   0,   0,   0,   0,   0,   0,   0,   0,   0,   0,   0,   0,   0,   0,   0,   0
};





// ------------------------------------------------------  
// GLCD Picture name: phone.bmp            
// GLCD Model: KS0108 128x64            
// ------------------------------------------------------  

const code char phone[][128] = {
  0,   0,   0,   0,   0,   0,   0,   0,   0,   0,   0,   0,   0,   0,   0,   0,   0,   0,   0,   0,   0,   0,   0,   0,   0,   0,   0,   0,   0,   0,   0,   0,   0,   0,   0,   0,   0,   0,   0,   0,   0,   0,   0,   0,   0,   0,   0,   0,   0,   0,   0,   0,   0,   0,   0,   0,   0,   0,   0,   0,   0,   0,   0,   0,   0, 192, 240,  16, 176,  48,  32, 176, 112,  32, 128,   0,   0,   0,   0,   0, 128, 128, 128, 128, 128, 128, 128, 240,  56,  24, 248,   8, 200,   8,  48,   0, 192, 128, 128, 128, 128,   0,   0,   0,   0,   0,   0,   0,   0,   0,   0,   0,   0,   0,   0,   0,   0,   0,   0,   0,   0,   0,   0,   0,   0,   0,   0,   0, 
  0,   0,   0,   0,   0,   0,   0,   0,   0,   0,   0,   0,   0,   0,   0,   0,   0,   0,   0,   0,   0,   0,   0,   0,   0,   0,   0,   0,   0,   0,   0,   0,   0,   0,   0,   0,   0,   0,   0,   0,   0,   0,   0,   0,   0,   0,   0,   0,   0,   0,   0,   0,   0, 192, 192,  32,  32,  32,  16,  16,  16,   0,   8,  14,  31,  23,  33,  64, 129,   2,   4,  15,  16,   8,   7,   1, 123,   3,   3,   5, 121, 225,  65,  64,  64,  64,  64,  65,  65, 194, 194, 197,  67,  72,  82, 113,  33,  63, 188, 128,   1,  31,  60,  32,  64,  64, 128, 128, 128,   0,   0,   0,   0,   0,   0,   0,   0,   0,   0,   0,   0,   0,   0,   0,   0,   0,   0,   0, 
  0,   0,   0,   0,   0,   0,   0,   0,   0,   0,   0,   0,   0,   0,   0,   0, 128, 128,  64,  32,   0,  16,   0,   8,   8,   8,   8,   8,   8, 200,  24,   8,   8,   8, 104,  24,  24,  24,  48,  96, 192,   0,   0,   0,   0,   0,   0,   0,   0,   0,   0, 192, 254, 127,   0,   1,   0,   2,   4,   8,  16,  32,  64, 128, 128,  64,  64,  32,  32,  17,  26,  12,  28,  36, 196,   2,   3,   0,   0, 224,  16,   8, 196,  50,  40,   5,   5, 194,  38,  64, 160,  17, 185, 145, 145, 153, 129, 146, 148,  48, 114, 194, 192, 157, 140,  26,  36,  68,   9, 145, 103, 140,  56,  96, 192,   0,   0,   0,   0,   0,   0,   0,   0,   0,   0,   0,   0,   0, 
  0,   0,   0,   0,   0,   0,   0,   0,   0,   0,   0,  64,  48,  24,   4, 194,  33,  16,   0,   4,   4, 128, 194,  64,   0,  32,   0,   2,  66,  76,  64,   0,   0,   1,  14,  48,   0,   1,  32, 124,  15,   0,   0,   0,   0,   0,   0,   0,   0,   0,   0,   0,   1,   3,   2,   4,   4,   6,   4,   8,  24,  48,  32,  64, 192, 128,   0,   0,   0,   0,   0,   0,   0,   0,   0,   3,   4,  16,  64, 135,   8,  32,   7,  76,  80, 168,  32,   0,  64,   2,   5, 130, 133, 136, 136,  16,  16,  24, 136, 140, 134,   5,  67,  98,   8,   0,   4, 140,  64,  33,  16,   7,   0,   0,   1,   3,  14,  24,  48, 192, 128,   0,   0,   0,   0,   0,   0,   0, 
  0,   0,   0,   0,   0,   0,   0, 224,  28,   7,   1, 128, 112,  12,   3, 128, 128,   0, 112,  12,  66,  65,  64,  64, 128,   0,   0,   0,   0,   0,   0,   0,   0,   0,   0,   0,   0,   0,   0,   0,   0,   0,   0,   0,   0,   0,   0,   0,   0,   0,   0,   0,   0,   0,   0,   0,   0,   0,   0,   0,   0, 128,   0, 224, 192, 208, 129, 218,  38,   4,   0,  16,  48,  32,  64, 192, 128,   0,   0,   1,   6,   8, 112,  16,  32,   0,   0,   1,  16, 144, 146, 146, 144, 144, 128, 128, 128,   0,   0,  66,  66,  74,  72,  72,  73,  72,  64,   0,   0,  32,  32,  36,  36,  36,  36, 100,  68,  64,  64,  64,   1,  63,   0,   0,   0,   0,   0,   0, 
  0,   0,   0,   0,   0,   0, 255, 129,   0,   0,   0,   0,   1,   0,   0,   0,  15,  96, 128,   0,   0,  30,  32, 128,   0,   3,  22,  12, 112, 128,   0,   0,   0,   0,   0,   0,   0,   0,   0,   0,   0,   0,   0,   0,   0,   0,   0,   0,   0,   0,   0,   0,   0,   0,   0,   0,   0,   0, 128,   8,   2,   0, 128, 202,  47,  25,   7,   0,   0,   0,   0,   0,   0,   0,   0,   1,   1,   2,   2,   2,   4,   4,   4,   4,   4,   0,   2,   3,   3,   0,   0,   0,   0,   0,   0,   0,   0,   0,   0,   0,   0,   0,   0,   0,   0,   0,   0,   0,   0,   0,   0,   0,   0,   0,   0,   0,   0,   0,   0,   0,   0,   0,   0,   0,   0,   0,   0,   0, 
  0,   0,   0,   0,   0,   0,   0,   3,   2,   4,   0,   8,   0,  16,  16,  16, 224,   0, 192,  17, 148,  24,   0,  16,  17,   2,   4, 140, 136,  15,   0,   0,   0,   0,   0,   0,   0,   0,   0,   0,   0,   0,   0,   0,   0,   0,   0,   0,   0, 128, 128,  64,   0,  96,  32,  56,  24,   9, 141,  36,  36,   0,   5,   1,   0,   0,   0,   0,   0,   0,   0,   0,   0,   0,   0,   0,   0,   0,   0,   0,   0,   0,   0,   0,   0,   0,   0,   0,   0,   0,   0,   0,   0,   0,   0,   0,   0,   0,   0,   0,   0,   0,   0,   0,   0,   0,   0,   0,   0,   0,   0,   0,   0,   0,   0,   0,   0,   0,   0,   0,   0,   0,   0,   0,   0,   0,   0,   0, 
  0,   0,   0,   0,   0,   0,   0,   0,   0,   0,   0,   0,   0,   0,   0,   0,   0,   2,   0,   0,   0,   0,   4,   2,   5,   8,   2,   4,   0,   8,   4,   8,   1,   3,  24,   5,  24,  20,  16,  28,   0,  22,   0,   8,   1,   9,   0,   8,   8,   7,   8,   1,   4,   0,   7,   2,   3,   1,   0,   0,   0,   0,   0,   0,   0,   0,   0,   0,   0,   0,   0,   0,   0,   0,   0,   0,   0,   0,   0,   0,   0,   0,   0,   0,   0,   0,   0,   0,   0,   0,   0,   0,   0,   0,   0,   0,   0,   0,   0,   0,   0,   0,   0,   0,   0,   0,   0,   0,   0,   0,   0,   0,   0,   0,   0,   0,   0,   0,   0,   0,   0,   0,   0,   0,   0,   0,   0,   0
};



// ------------------------------------------------------  
// GLCD Picture name: SYMS3.BMP            
// GLCD Model: KS0108 128x64            
// ------------------------------------------------------  

const code char SYMS3[][128] = {
  0,   0,   0, 192,   0,   0,   0,   0, 192,   0,   0, 128,  64,  64,  64,  64,   0,   0, 128,  64,  64, 128, 128,   0,   0,   0,   0,  64, 248,  68,  68,   4,  64,  64,  64, 128,   0,   0,   0, 192,  64,  64,  64,  64, 128,  64,  64,  64,  64, 128,   0, 196,   0,   0, 252,   0,   0, 196,   0,   0,   0,   0,  64,  64,  64, 128,   0,   0, 128, 128,  64,   0,   0,   0,   0,   0, 128,  64,  64,  64,  64, 192,   0,   0,   0, 128,  64,   0, 192,  64,  64,  64,  64, 128,  64,  64,  64,  64, 128,   0, 252,  64,  64,  64, 128,   0,   0,   0, 128,  64,  64,  64, 128,   0,   0,   0, 252,   0,   0, 128,  64,  64,  64,  64,   0,   0,   0,   0, 
  0,   0,   0,  15,  16,  16,  16,  16,  31,   0,   0,   9,  18,  18,  12,   0,   0,  15,  18,  18,  18,  18,  11,   2,   0,   0,   0,   0,  31,   0,   0,  12,  18,  17,  17,  31,   0,   0,   0,  31,   0,   0,   0,   0,  31,   0,   0,   0,   0,  31,   0,  31,   0,   0,  31,   0,   0,  31,   0,   0,   0,  12,  18,  17,  17,  31,   0,   0,  31,   0,   0,   0,   0,   0,   0,   0,   9,  18,  18,  12,   0, 129, 198,  56,   6,   1,   0,   0,  31,   0,   0,   0,   0,  31,   0,   0,   0,   0,  31,   0,  31,  16,  16,  16,   8,   7,   0,   0,  15,  16,  16,  16,   8,   7,   0,   0,  31,   0,   0,   9,  18,  18,  12,   0,   0,   0,   0,   0, 
  0,   0,   0,   0,   0,   0,   0,   0,   0,   0,   0,   0,   0,   0,  64, 224, 240, 240,  96,   0,   0,   0,   0,   0,   0,   0,   0,   0,   0,   0,   0,   0,   0,   0,   0,   0,   0,   0,   0,   0,   0,   0,   0,   0, 240, 248, 248, 240,   0,   0,   0,   0,   0,   0,   0,   0,   0,   0,   0,   0,   0,   0,   0,   0,   0,   0,   0,   0,   0,   0,   0,   0,   0,   0,   0,   0,   0,   0,   0,   0,   0,   0,   0,   0,   0,   0,   0,   0,   0,   0,   0,   0,   0,   0,   0,   0,   0, 224, 160,  32,  32,  32,  32,  32,  32,  32,  32,  32,  32,  32,  32,  32,  32,  32,  32,  32,  32, 160, 224,   0,   0,   0,   0,   0,   0,   0,   0,   0, 
  0,   0,   0,   0,   0, 192, 224, 112,  48,  56, 248, 252, 252, 254, 254, 252, 249, 128,   0,   0,   0,   0,   0,   0,   0,   0,   0,   0,   0,   0,   0,   0,   0,   0,   0,   0,   0,   0,   0,   0,   0,   0,   0,   0, 255, 255, 255, 255,   0,   0,   0,   0,   0,   0,   0,   0,   0,   0,   0,   0,   0,   0,   0,   0,   0,   0,   0,   0,   0,   0,   0,   0,   0,   0,   0,   0,   0,  48, 248, 252, 252, 252, 248,  56,   0,   0,   0,   0,   0,   0,   0,   0,   0,   0,   0,   0,   0, 255,   0,   1,   2,   4, 136, 208,  96,  64,  64,  64,  64,  64,  64,  96, 208, 136,   4,   2,   1,   0, 255,   0,   0,   0,   0,   0,   0,   0,   0,   0, 
  0,   0,   0,   0,   0,  31,  31,   0,   0, 252, 255, 255, 255, 255, 199,   1,   3,   7,   6,  14,  12,  28,  24,  24,   0,   0,   0,   0,   0,   0,   0,   0,   0,   0,   0, 128, 192, 192, 224, 240, 240, 248, 248, 252, 255, 255, 255, 255, 254, 252, 248, 248, 240, 240, 224, 192, 192, 128,   0,   0,   0,   0,   0,   0,   0,   0,   0,   0,   0,   0,   0,   0,   0,   0,   0,   0, 128,   0, 255, 255, 255, 192, 192, 192, 192, 192, 192, 192, 192,   0,   0,   0,   0,   0,   0,   0,   0,  31,  24,  28,  22,  19,  17,  16,  16,  16,  16,  16,  16,  16,  16,  16,  16,  17,  19,  22,  28,  24,  31,   0,   0,   0,   0,   0,   0,   0,   0,   0, 
  0,   0,   0,   0,   0,   0, 192, 248, 255, 127,  31,   7,   3,   7,  31, 255, 254, 248, 192,   0,   0,   0,   0,   0,   0,   0,   0,   0, 112, 120, 124,  62,  62,  63,  31,  31,  31,  15,  15,  15,   7,   7,   7,   3, 255, 255, 255, 255,   3,   3,   7,   7,   7,  15,  15,  15,  31,  31,  31,  63,  62,  62, 124, 120, 112,   0,   0,   0,   0,   0, 128, 240, 252,  28,   6,   7,   3,   0,  31,  31,  31,  25,  25,  25,  25,  25,  25,  25,  25,  24,  24, 248, 248, 240, 128,   0,   0,   0,   0,   0,   0,   0,   0,   0,   0,   0,   0,   0,   0,   0,   0,   0,   0,   0,   0,   0,   0,   0,   0,   0,   0,   0,   0,   0,   0,   0,   0,   0, 
  0,   0,   0,   0,  16,  30,  31,   7,   1,   0,   0,   0,   0,   0,   0,   0,   7,  31,  31,  28,   0,   0,   0,   0,   0,   0,   0,   0,   0,   0,   0,   0,   0,   0,   0,   0,   0,   0,   0,   0, 128, 128, 192, 224, 255, 255, 127, 255, 240, 224, 192, 128, 128,   0,   0,   0,   0,   0,   0,   0,   0,   0,   0,   0,   0,   0,   0,   0,   0,   0,   3,  31,  62, 248, 240, 192, 128, 128,   0,   0,   0,   0,   0,   0,   0,   0,   0, 128, 192, 224, 240, 112,   7,  63, 255, 252, 224,  96,  96, 112,  48,   0,   0,   0,   0,   0,   0,   0,   0,   0,   0,   0,   0,   0,   0,   0,   0,   0,   0,   0,   0,   0,   0,   0,   0,   0,   0,   0, 
  0,   0,   0,   0,   0,   0,   0,   0,   0,   0,   0,   0,   0,   0,   0,   0,   0,   0,   0,   0,   0,   0,   0,   0,   0,   0,   0,   0,   0,   0,   0,   0,   0,   0,   0,   0,   0,   0,   0,   0,   3,   3,   1,   1,   0,   0,   0,   0,   0,   1,   1,   3,   3,   0,   0,   0,   0,   0,   0,   0,   0,   0,   0,   0,   0,   0,   0,   0,   0,   0,   0,   0,   0,   0,   1,   1,   1,   3,   3,   3,   6,   6,   6,   6,   7,   7,   3,   3,   3,   1,   0,   0,   0,   0,   0,   0,   0,   0,   0,   0,   0,   0,   0,   0,   0,   0,   0,   0,   0,   0,   0,   0,   0,   0,   0,   0,   0,   0,   0,   0,   0,   0,   0,   0,   0,   0,   0,   0
};






// ------------------------------------------------------  
// GLCD Picture name: truck.bmp            
// GLCD Model: KS0108 128x64            
// ------------------------------------------------------  

const code char truck[][128] = {
  0,   0,   0,   0,   0,   0,   0,   0,   0,   0,   0,   0,   0,   0,   0,   0,   0,   0,   0,   0,   0,   0,   0,   0,   0,   0,   0,   0,   0,   0,   0,   0,   0,   0,   0,   0,   0,   0,   0,   0,   0,   0,   0,   0,   0,   0,   0,   0,   0,   0,   0,   0,   0,   0,   0,   0,   0,   0,   0,   0,   0,   0,   0,   0,   0,   0,   0,   0,   0,   0,   0,   0,   0,   0,   0,   0,   0,   0,   0,   0,   0,   0,   0,   0,   0,   0,   0,   0,   0,   0,   0,   0,   0,   0,   0,   0,   0,   0,   0,   0,   0,   0,   0,   0,   0,   0,   0,   0,   0,   0,   0,   0,   0,   0,   0,   0,   0,   0,   0,   0,   0,   0,   0,   0,   0,   0,   0,   0, 
  0,   0,   0,   0,   0,   0,   0,   0,   0,   0,   0,   0, 128, 128, 128, 128, 128,  64,  64,  64,  64,  64,  64,  32,  32,  32,  32,  32,  32,  32,  32,  32,  32,  32,  32,  32,  32,  32,  32,  32,  32,  32,  32,  32,  32,  32,  32,  32,  32,  32,  32,  32,  32,  32,  32,  32,  32,  32,  32,  32,  32,  32,  32,  32,  32,  32, 160, 160, 160,  96, 224, 224,  96,  96,  96,  32,   0,  32,  32,  32,  32,  32,  32,  32,  32,  32,   0,   0,  64,  64,  64,   0, 128,   0,   0,   0,   0,   0,   0,   0,   0,   0,   0,   0,   0,   0,   0,   0,   0,   0,   0,   0,   0,   0,   0,   0,   0,   0,   0,   0,   0,   0,   0,   0,   0,   0,   0,   0, 
  0,   0,   0,   0,   0, 254,   0,   1,   1,   1,   1,   1, 253, 253, 253, 253,   1,   1,   1,   1,   1,   1, 253, 253, 253, 253,   1,   1,   1,   1, 253, 253, 253, 253, 249, 241, 225, 193, 129, 193, 225, 249, 253, 253, 253, 253, 253,   1,   1,   1,   1, 253, 253, 253, 253, 221, 221, 221,  29,  17,   1, 255,   1,   1,   1,   1,   0, 254,   1, 168,   8,   8,   8,   8,   8,   8,   8,   8,   8,   8,   8,   8,   8,   8,  16, 224,  24,  36, 132,   0,   2, 130,   5,  81,  68, 112, 160, 192,  96,  96,  32,   0, 128, 128, 192, 192, 192,  64,   0,   0,   0,   0,   0, 128,   0,   0,   0,   0,   0,   0,   0,   0,   0,   0,   0,   0,   0,   0, 
  0,   0,   0,   0,   0,  63,  96,  96,  96, 224,  96,  96, 127, 127, 127, 127, 124, 124, 124, 124,  96,  96, 127, 127, 127, 127,  96,  96,  96,  96, 127, 127, 127, 127,  97, 103, 111, 127, 127, 111, 103,  99,  97, 127, 127, 127, 127,  96,  96,  96,  96, 127, 127, 127, 127, 125, 125, 125, 124, 116,  96, 127,  64,  64,  64, 160,  96, 252, 246,   1,  14,   6,   6,   2,   2,   2,   2,   2,   2,   2,   2,   2,   2,   2,   2,  66, 114,  60,  32,  16,  16,   0,   4,   2,   3,   2,   0,   0,   0,   4,   4,   4,   4,  20,  16,  16,  16,  16,  16,   9,   9,  41, 112,  32,  67,   5, 240, 126, 174, 128,  56,   0,   0,   0,   0,   0,   0,   0, 
  0,   0,   0,   0,   0,   0,   0,   0,   0,   1,   1,   1,   1,   1,   1,   1,   1,   1, 127, 127, 127, 127, 255, 255, 247, 251, 123, 191,  95,  93, 125, 189, 189,  63,  93,  89, 177, 115, 243, 229, 207,  27,  63, 119, 255, 207, 191, 255, 255, 255, 255, 255, 255, 255, 255, 127, 127, 127, 127, 127, 127, 127, 127, 255, 255, 255, 127, 127, 125, 120, 120, 120, 120, 120, 248, 120, 120, 120, 120, 120, 120, 248, 248, 224, 135,   0,   0,   0,   0,   0,   0,   0,   0, 128, 240, 248, 120, 188, 220,  92, 252,  28,  28,  60,  92,  92,  60, 120, 248, 248,  96, 192, 143, 168, 216, 136,  49,  68,  72,   2, 160,  96,   0,   0,   0,   0,   0,   0, 
  0,   0,   0, 128, 192, 248, 248, 248, 248, 252, 254, 254, 254, 254, 254, 254, 254, 254, 254, 254, 254, 255, 255, 255, 255, 255, 246, 239, 208, 246, 174, 173, 169, 128, 209, 208, 224, 247, 249, 255, 255, 252, 220, 240, 127, 255, 223, 255, 255, 255, 255, 255, 255, 254, 254, 255, 255, 255, 255, 255, 255, 255, 254, 255, 255, 255, 255, 255, 255, 255, 254, 254, 254, 254, 254, 254, 254, 254, 254, 254, 254, 254, 254, 254, 255, 255, 255, 255, 255, 255, 254, 255, 190, 255, 255, 253, 240, 239, 221, 223, 254, 168, 136, 170, 196, 208, 228, 230, 248, 127, 126, 156, 216, 224, 240, 240, 242, 242, 240, 177,  32,   0,   0,   0,   0,   0,   0,   0, 
  0,   0,   0,   1,   1,   1,   1,   3,   3,   3,   7,   7,   7,   7,   7,  15,  15,  15,   7,  15,  15,  15,   7,   7,  15,  14,  15,  13,  15,  47,  43,  43,  43,  43,  43,  47, 111, 239, 255, 253, 253, 255, 254, 255, 255, 255, 255, 255, 191, 191, 239, 239, 239, 191, 255, 191, 255, 255, 255, 255, 255, 255, 255, 255, 255, 255, 255, 255, 255, 255, 255, 255, 255, 255, 255, 255, 255, 255, 255, 255, 255, 255, 255, 255, 127, 127, 127, 127, 255, 255, 191, 191, 191, 191, 255, 254, 255, 253, 255, 255, 255, 251, 255, 255, 255, 127, 125,  63,  31,  31,  31,  31,  31,  31,  63,  15,  15,   7,   7,   3,   3,   3,   0,   0,   0,   0,   0,   0, 
  0,   0,   0,   0,   0,   0,   0,   0,   0,   0,   0,   0,   0,   0,   0,   0,   0,   0,   0,   0,   0,   0,   0,   0,   0,   0,   0,   0,   0,   0,   0,   0,   0,   0,   0,   0,   0,   0,   0,   0,   0,   0,   0,   0,   0,   1,   1,   0,   1,   1,   0,   0,   0,   0,   0,   0,   0,   0,   0,   0,   1,   1,   1,   1,   1,   1,   1,   1,   3,   3,   3,  11,  11,  11,  11,   7,   3,  14,   6,   6,   6,   2,  18,  19,  19,   3,  23,  21,  21,  17,   1,  19,  19,   3,   6,   6,  14,  15,  15,   7,  15,  15,  15,  11,   2,   0,   0,   0,   0,   0,   0,   0,   0,   0,   0,   0,   0,   0,   0,   0,   0,   0,   0,   0,   0,   0,   0,   0
};

